  Time[s]     1  Ch 
    0.5000   14.5600
    1.0000   15.2200
    1.5000   15.6800
    2.0000   15.9000
    2.5000   15.8300
    3.0000   15.7700
    3.5000   15.7500
    4.0000   15.3100
    4.5000   14.7400
    5.0000   14.4200
    5.5000   14.0700
    6.0000   13.9000
    6.5000   14.1700
    7.0000   14.6900
    7.5000   14.9200
    8.0000   15.0200
    8.5000   15.0700
    9.0000   15.3300
    9.5000   15.6700
   10.0000   15.4000
   10.5000   15.7100
   11.0000   16.0000
   11.5000   15.7500
   12.0000   14.9100
   12.5000   14.2700
   13.0000   14.2800
   13.5000   14.4400
   14.0000   14.6400
   14.5000   15.0600
   15.0000   15.7400
   15.5000   15.9500
   16.0000   15.8100
   16.5000   15.1200
   17.0000   14.2100
   17.5000   13.7900
   18.0000   14.0600
   18.5000   14.5600
   19.0000   15.2500
   19.5000   15.8300
   20.0000   15.8600
   20.5000   15.5700
   21.0000   15.2800
   21.5000   15.1400
   22.0000   15.1100
   22.5000   14.8200
   23.0000   14.7500
   23.5000   14.6400
   24.0000   14.6300
   24.5000   14.7200
   25.0000   14.9900
   25.5000   15.2800
   26.0000   15.2800
   26.5000   15.0500
   27.0000   15.1500
   27.5000   15.3700
   28.0000   15.5900
   28.5000   15.4600
   29.0000   14.7700
   29.5000   14.3700
   30.0000   14.4300
   30.5000   14.5400
   31.0000   14.8700
   31.5000   15.2900
   32.0000   15.6000
   32.5000   15.4300
   33.0000   14.9300
   33.5000   14.3300
   34.0000   14.4300
   34.5000   14.8800
   35.0000   15.2200
   35.5000   15.4900
   36.0000   15.6600
   36.5000   15.5800
   37.0000   15.6700
   37.5000   15.2900
   38.0000   14.9700
   38.5000   14.7000
   39.0000   14.5700
   39.5000   14.3100
   40.0000   14.3300
   40.5000   14.4500
   41.0000   14.7700
   41.5000   15.2700
   42.0000   15.4000
   42.5000   15.2600
   43.0000   15.2200
   43.5000   14.9900
   44.0000   14.7700
   44.5000   14.9500
   45.0000   15.2500
   45.5000   15.1900
   46.0000   15.2600
   46.5000   15.3000
   47.0000   15.3500
   47.5000   15.3500
   48.0000   15.4200
   48.5000   15.0700
   49.0000   14.4100
   49.5000   14.3000
   50.0000   14.5600
   50.5000   14.8100
   51.0000   14.7400
   51.5000   14.8400
   52.0000   14.9700
   52.5000   15.0600
   53.0000   15.2600
   53.5000   15.3200
   54.0000   15.2600
   54.5000   15.0100
   55.0000   14.8500
   55.5000   14.9900
   56.0000   15.1000
   56.5000   15.1000
   57.0000   15.1100
   57.5000   15.3900
   58.0000   15.7400
   58.5000   15.7600
   59.0000   15.3000
   59.5000   15.1400
   60.0000   14.6300
   60.5000   14.0100
   61.0000   13.7700
   61.5000   13.8000
   62.0000   14.1800
   62.5000   15.4800
   63.0000   15.9000
   63.5000   15.8000
   64.0000   15.5700
   64.5000   15.4300
   65.0000   15.2900
   65.5000   15.1400
   66.0000   15.3000
   66.5000   15.3200
   67.0000   15.0700
   67.5000   14.8800
   68.0000   14.9700
   68.5000   15.4800
   69.0000   15.8700
   69.5000   15.6400
   70.0000   14.9800
   70.5000   14.0400
   71.0000   13.4600
   71.5000   13.4300
   72.0000   13.9300
   72.5000   14.4700
   73.0000   15.0700
   73.5000   15.8600
   74.0000   16.2600
   74.5000   15.9900
   75.0000   15.7200
   75.5000   15.2800
   76.0000   15.0700
   76.5000   15.0000
   77.0000   14.9400
   77.5000   14.8200
   78.0000   14.6700
   78.5000   14.8100
   79.0000   15.0900
   79.5000   15.1000
   80.0000   14.8900
   80.5000   14.9700
   81.0000   15.1000
   81.5000   14.9700
   82.0000   14.8100
   82.5000   14.8000
   83.0000   14.9900
   83.5000   15.1900
   84.0000   15.2100
   84.5000   15.0800
   85.0000   14.9300
   85.5000   14.9200
   86.0000   14.8300
   86.5000   15.2200
   87.0000   15.5500
   87.5000   15.6600
   88.0000   15.4500
   88.5000   14.9300
   89.0000   14.6900
   89.5000   14.6900
   90.0000   14.9900
   90.5000   15.0500
   91.0000   15.0400
   91.5000   14.9900
   92.0000   14.7500
   92.5000   14.5000
   93.0000   14.4800
   93.5000   14.8300
   94.0000   15.2900
   94.5000   15.5700
   95.0000   15.8200
   95.5000   15.2000
   96.0000   14.9200
   96.5000   15.1400
   97.0000   15.3600
   97.5000   15.4300
   98.0000   14.8400
   98.5000   14.9000
   99.0000   15.1300
   99.5000   15.1400
  100.0000   15.1800
  100.5000   14.9900
  101.0000   14.7200
  101.5000   14.5600
  102.0000   14.5200
  102.5000   14.5400
  103.0000   14.5700
  103.5000   14.5300
  104.0000   14.7100
  104.5000   15.3300
  105.0000   15.8500
  105.5000   16.0000
  106.0000   15.6600
  106.5000   15.0900
  107.0000   14.9600
  107.5000   15.2000
  108.0000   15.4300
  108.5000   15.3000
  109.0000   14.8400
  109.5000   14.6200
  110.0000   14.4200
  110.5000   14.2100
  111.0000   14.1100
  111.5000   14.2000
  112.0000   14.6800
  112.5000   14.9200
  113.0000   15.5400
  113.5000   16.3500
  114.0000   16.1200
  114.5000   15.4500
  115.0000   15.0900
  115.5000   14.8600
  116.0000   14.7500
  116.5000   14.7000
  117.0000   15.1900
  117.5000   15.4000
  118.0000   15.2100
  118.5000   14.9800
  119.0000   15.1000
  119.5000   15.1200
  120.0000   14.9700
  120.5000   14.5400
  121.0000   14.2200
  121.5000   14.2700
  122.0000   14.6400
  122.5000   15.1100
  123.0000   15.4300
  123.5000   15.8600
  124.0000   15.8500
  124.5000   15.2900
  125.0000   14.8500
  125.5000   14.6400
  126.0000   14.8400
  126.5000   15.0600
  127.0000   15.1500
  127.5000   15.0100
  128.0000   14.9000
  128.5000   15.3000
  129.0000   15.8400
  129.5000   15.7200
  130.0000   15.1500
  130.5000   14.8600
  131.0000   14.9500
  131.5000   15.0300
  132.0000   14.8400
  132.5000   14.4200
  133.0000   14.3000
  133.5000   13.9700
  134.0000   13.9400
  134.5000   14.2100
  135.0000   14.9900
  135.5000   15.9100
  136.0000   15.7800
  136.5000   15.9900
  137.0000   16.2300
  137.5000   16.2100
  138.0000   15.8600
  138.5000   15.7400
  139.0000   15.3300
  139.5000   14.6700
  140.0000   13.9700
  140.5000   13.7300
  141.0000   14.0400
  141.5000   14.3300
  142.0000   14.5400
  142.5000   14.8500
  143.0000   14.9500
  143.5000   15.1400
  144.0000   15.1700
  144.5000   15.2300
  145.0000   15.3100
  145.5000   15.2500
  146.0000   15.1500
  146.5000   15.2200
  147.0000   15.1800
  147.5000   15.2400
  148.0000   15.4300
  148.5000   15.3100
  149.0000   15.0100
  149.5000   15.0600
  150.0000   15.1700
  150.5000   14.8500
  151.0000   14.2600
  151.5000   14.0700
  152.0000   14.3500
  152.5000   14.6900
  153.0000   15.2200
  153.5000   15.7900
  154.0000   15.7700
  154.5000   15.6600
  155.0000   15.4000
  155.5000   15.0400
  156.0000   14.6600
  156.5000   14.5400
  157.0000   14.7600
  157.5000   14.8800
  158.0000   15.1000
  158.5000   15.1300
  159.0000   14.8300
  159.5000   14.9500
  160.0000   15.3300
  160.5000   15.5800
  161.0000   15.4700
  161.5000   15.1000
  162.0000   14.6900
  162.5000   14.4400
  163.0000   14.3200
  163.5000   14.4800
  164.0000   14.7900
  164.5000   15.2000
  165.0000   15.3000
  165.5000   15.3700
  166.0000   15.4300
  166.5000   15.4400
  167.0000   15.2900
  167.5000   15.1600
  168.0000   15.2300
  168.5000   15.1200
  169.0000   14.9500
  169.5000   14.8100
  170.0000   14.8900
  170.5000   14.9200
  171.0000   14.7300
  171.5000   14.4500
  172.0000   14.2600
  172.5000   14.0700
  173.0000   14.4300
  173.5000   15.3200
  174.0000   15.9000
  174.5000   15.9900
  175.0000   15.7000
  175.5000   15.4700
  176.0000   15.3100
  176.5000   15.0800
  177.0000   15.0200
  177.5000   15.0100
  178.0000   15.0800
  178.5000   14.9100
  179.0000   14.6900
  179.5000   14.5600
  180.0000   14.5700
  180.5000   14.7800
  181.0000   15.1600
  181.5000   15.4400
  182.0000   15.4800
  182.5000   15.3900
  183.0000   15.0800
  183.5000   14.5200
  184.0000   14.2000
  184.5000   14.5500
  185.0000   14.9800
  185.5000   15.3100
  186.0000   15.5900
  186.5000   15.4700
  187.0000   15.2200
  187.5000   15.0200
  188.0000   15.2600
  188.5000   15.5600
  189.0000   15.5300
  189.5000   15.3400
  190.0000   15.2200
  190.5000   15.0500
  191.0000   14.8400
  191.5000   14.6900
  192.0000   14.4600
  192.5000   14.2400
  193.0000   14.1500
  193.5000   14.3000
  194.0000   14.7500
  194.5000   15.3700
  195.0000   16.2000
  195.5000   16.0000
  196.0000   15.4400
  196.5000   14.9500
  197.0000   14.9800
  197.5000   15.0900
  198.0000   15.2100
  198.5000   15.1200
  199.0000   14.8000
  199.5000   14.5400
  200.0000   14.6800
  200.5000   15.1700
  201.0000   15.8400
  201.5000   16.1100
  202.0000   15.5700
  202.5000   15.1000
  203.0000   14.9200
  203.5000   14.7500
  204.0000   14.5400
  204.5000   14.0900
  205.0000   13.6400
  205.5000   13.8200
  206.0000   14.3500
  206.5000   14.9200
  207.0000   15.4100
  207.5000   15.6500
  208.0000   15.7000
  208.5000   15.6000
  209.0000   15.7100
  209.5000   15.7500
  210.0000   15.9900
  210.5000   16.0500
  211.0000   15.7900
  211.5000   15.3500
  212.0000   14.8000
  212.5000   14.0300
  213.0000   13.4800
  213.5000   13.4900
  214.0000   13.9600
  214.5000   14.6100
  215.0000   15.1300
  215.5000   15.5200
  216.0000   15.6400
  216.5000   15.3600
  217.0000   15.3000
  217.5000   15.2700
  218.0000   15.0300
  218.5000   15.0600
  219.0000   15.2200
  219.5000   15.0900
  220.0000   14.8700
  220.5000   14.7600
  221.0000   14.8500
  221.5000   15.1600
  222.0000   15.6500
  222.5000   15.8900
  223.0000   15.8500
  223.5000   15.2500
  224.0000   14.7500
  224.5000   14.7100
  225.0000   14.8400
  225.5000   14.7500
  226.0000   14.3500
  226.5000   13.9400
  227.0000   13.8900
  227.5000   13.9900
  228.0000   14.3800
  228.5000   15.2600
  229.0000   16.0500
  229.5000   16.6700
  230.0000   15.9800
  230.5000   15.7100
  231.0000   15.3600
  231.5000   15.2400
  232.0000   15.1100
  232.5000   15.1200
  233.0000   15.0300
  233.5000   14.8700
  234.0000   14.8200
  234.5000   15.0300
  235.0000   15.2300
  235.5000   14.7000
  236.0000   14.5800
  236.5000   14.5800
  237.0000   14.6200
  237.5000   14.8900
  238.0000   15.2100
  238.5000   15.1300
  239.0000   14.9100
  239.5000   14.6400
  240.0000   14.4400
  240.5000   14.5600
  241.0000   14.8600
  241.5000   15.2900
  242.0000   15.9700
  242.5000   16.5900
  243.0000   16.6100
  243.5000   16.0500
  244.0000   16.1600
  244.5000   15.6400
  245.0000   14.4700
  245.5000   13.6700
  246.0000   13.3400
  246.5000   13.6400
  247.0000   14.2500
  247.5000   14.4600
  248.0000   14.7200
  248.5000   14.9700
  249.0000   15.2100
  249.5000   15.1500
  250.0000   15.3100
  250.5000   15.5400
  251.0000   15.3500
  251.5000   15.0700
  252.0000   14.7600
  252.5000   14.8400
  253.0000   15.1500
  253.5000   15.7500
  254.0000   16.2600
  254.5000   16.2600
  255.0000   16.1000
  255.5000   15.0500
  256.0000   14.4600
  256.5000   14.3100
  257.0000   14.3600
  257.5000   14.3100
  258.0000   14.2000
  258.5000   14.2400
  259.0000   14.3900
  259.5000   14.6800
  260.0000   15.1400
  260.5000   15.4200
  261.0000   15.1500
  261.5000   14.9500
  262.0000   15.1200
  262.5000   15.3100
  263.0000   15.5500
  263.5000   15.5700
  264.0000   15.5200
  264.5000   15.4400
  265.0000   15.2800
  265.5000   15.2200
  266.0000   14.7400
  266.5000   14.7400
  267.0000   15.0200
  267.5000   15.2800
  268.0000   15.2400
  268.5000   15.0300
  269.0000   14.8400
  269.5000   14.3400
  270.0000   13.9700
  270.5000   13.9200
  271.0000   14.2900
  271.5000   14.5200
  272.0000   14.8400
  272.5000   15.4000
  273.0000   15.7600
  273.5000   15.7200
  274.0000   15.7700
  274.5000   15.8600
  275.0000   15.8500
  275.5000   15.6600
  276.0000   15.1500
  276.5000   14.7300
  277.0000   14.5100
  277.5000   14.6800
  278.0000   14.9400
  278.5000   14.8800
  279.0000   14.6900
  279.5000   14.5200
  280.0000   14.3200
  280.5000   14.2600
  281.0000   14.3800
  281.5000   14.7600
  282.0000   15.4400
  282.5000   15.7000
  283.0000   15.7100
  283.5000   15.5600
  284.0000   15.5600
  284.5000   15.5600
  285.0000   15.3600
  285.5000   14.9900
  286.0000   14.6300
  286.5000   14.2900
  287.0000   14.4900
  287.5000   14.8700
  288.0000   14.7900
  288.5000   14.7100
  289.0000   14.8400
  289.5000   15.0000
  290.0000   15.1700
  290.5000   15.1300
  291.0000   14.9900
  291.5000   15.0300
  292.0000   15.2100
  292.5000   15.9100
  293.0000   16.3300
  293.5000   15.9900
  294.0000   15.0000
  294.5000   14.4000
  295.0000   14.1100
  295.5000   14.1700
  296.0000   14.2000
  296.5000   14.4600
  297.0000   15.2200
  297.5000   15.3000
  298.0000   15.0700
  298.5000   14.9300
  299.0000   14.9900
  299.5000   15.0500
  300.0000   15.2700
  300.5000   15.4400
  301.0000   15.2700
  301.5000   15.6600
  302.0000   15.9400
  302.5000   15.9100
  303.0000   15.5900
  303.5000   14.9700
  304.0000   14.0800
  304.5000   13.7100
  305.0000   13.6500
  305.5000   14.2000
  306.0000   15.2200
  306.5000   16.1600
  307.0000   15.9800
  307.5000   15.4200
  308.0000   14.9000
  308.5000   14.5800
  309.0000   14.5500
  309.5000   14.4500
  310.0000   14.7000
  310.5000   14.9700
  311.0000   15.3000
  311.5000   15.5400
  312.0000   15.7500
  312.5000   15.8900
  313.0000   16.1400
  313.5000   16.0700
  314.0000   15.0600
  314.5000   14.4100
  315.0000   14.1200
  315.5000   14.0800
  316.0000   14.3200
  316.5000   14.5200
  317.0000   14.8200
  317.5000   15.0600
  318.0000   15.0100
  318.5000   14.8300
  319.0000   14.9200
  319.5000   15.1900
  320.0000   15.3100
  320.5000   15.5800
  321.0000   16.1400
  321.5000   16.2000
  322.0000   15.8000
  322.5000   15.2500
  323.0000   14.4800
  323.5000   14.1800
  324.0000   14.2900
  324.5000   14.4000
  325.0000   14.6400
  325.5000   14.9300
  326.0000   14.8900
  326.5000   14.6100
  327.0000   14.7800
  327.5000   15.2300
  328.0000   15.3100
  328.5000   15.4600
  329.0000   15.5800
  329.5000   15.4700
  330.0000   15.2500
  330.5000   14.9600
  331.0000   14.7400
  331.5000   14.8500
  332.0000   15.2500
  332.5000   15.3800
  333.0000   15.2600
  333.5000   14.4800
  334.0000   14.1100
  334.5000   14.1000
  335.0000   14.2400
  335.5000   14.3300
  336.0000   15.0100
  336.5000   16.1700
  337.0000   16.8800
  337.5000   15.9900
  338.0000   15.4700
  338.5000   14.9900
  339.0000   14.6700
  339.5000   14.7700
  340.0000   14.7900
  340.5000   14.6200
  341.0000   14.6100
  341.5000   14.5400
  342.0000   14.4600
  342.5000   14.3400
  343.0000   14.3900
  343.5000   14.9000
  344.0000   15.7300
  344.5000   16.1100
  345.0000   16.1100
  345.5000   15.8200
  346.0000   15.6000
  346.5000   15.5200
  347.0000   15.2400
  347.5000   14.8200
  348.0000   14.6600
  348.5000   14.4400
  349.0000   14.1400
  349.5000   14.1400
  350.0000   14.3300
  350.5000   14.6600
  351.0000   14.9300
  351.5000   15.0900
  352.0000   15.4600
  352.5000   15.3600
  353.0000   15.0100
  353.5000   14.6600
  354.0000   14.7400
  354.5000   15.2900
  355.0000   15.8600
  355.5000   16.3000
  356.0000   16.3400
  356.5000   16.0700
  357.0000   15.1800
  357.5000   14.7300
  358.0000   14.4500
  358.5000   14.2500
  359.0000   13.9400
  359.5000   13.9900
  360.0000   14.0800
  360.5000   14.2200
  361.0000   14.4200
  361.5000   14.7200
  362.0000   14.8600
  362.5000   15.6900
  363.0000   16.5900
  363.5000   16.6200
  364.0000   16.4800
  364.5000   16.2400
  365.0000   15.8200
  365.5000   15.3500
  366.0000   14.8600
  366.5000   14.3300
  367.0000   14.2400
  367.5000   14.2400
  368.0000   14.2100
  368.5000   14.2100
  369.0000   14.3800
  369.5000   14.7400
  370.0000   15.1600
  370.5000   15.4100
  371.0000   15.3500
  371.5000   15.2100
  372.0000   15.0300
  372.5000   15.2300
  373.0000   15.8000
  373.5000   16.0500
  374.0000   16.0200
  374.5000   15.2700
  375.0000   14.2600
  375.5000   14.2000
  376.0000   14.6500
  376.5000   15.0800
  377.0000   15.3200
  377.5000   15.4400
  378.0000   15.3500
  378.5000   15.3300
  379.0000   15.2300
  379.5000   15.1500
  380.0000   14.9900
  380.5000   14.6400
  381.0000   14.1700
  381.5000   13.9400
  382.0000   14.2900
  382.5000   14.6200
  383.0000   14.9400
  383.5000   15.3700
  384.0000   15.3400
  384.5000   15.4300
  385.0000   15.9000
  385.5000   16.4600
  386.0000   16.7200
  386.5000   16.3400
  387.0000   15.0400
  387.5000   13.7200
  388.0000   13.1300
  388.5000   13.2400
  389.0000   13.8100
  389.5000   14.2400
  390.0000   14.8400
  390.5000   15.4100
  391.0000   15.8400
  391.5000   15.9000
  392.0000   15.9400
  392.5000   15.8600
  393.0000   15.4400
  393.5000   15.0100
  394.0000   14.6700
  394.5000   14.3300
  395.0000   14.1500
  395.5000   14.2900
  396.0000   14.7800
  396.5000   15.2200
  397.0000   15.7200
  397.5000   15.8300
  398.0000   15.4600
  398.5000   15.3000
  399.0000   15.1400
  399.5000   14.9700
  400.0000   14.8900
  400.5000   14.5900
  401.0000   14.4900
  401.5000   14.6300
  402.0000   14.7200
  402.5000   14.6700
  403.0000   14.6700
  403.5000   15.1400
  404.0000   15.6700
  404.5000   16.0200
  405.0000   16.6800
  405.5000   16.1500
  406.0000   14.9300
  406.5000   14.3100
  407.0000   14.3200
  407.5000   14.3000
  408.0000   14.0800
  408.5000   14.1600
  409.0000   14.5000
  409.5000   15.0200
  410.0000   16.1300
  410.5000   16.1100
  411.0000   15.9100
  411.5000   15.6200
  412.0000   15.2100
  412.5000   14.8800
  413.0000   14.7500
  413.5000   14.8400
  414.0000   14.9600
  414.5000   14.8600
  415.0000   14.8400
  415.5000   14.7800
  416.0000   14.8300
  416.5000   14.6600
  417.0000   14.6400
  417.5000   14.6900
  418.0000   14.8100
  418.5000   14.8900
  419.0000   15.2200
  419.5000   15.3800
  420.0000   15.1700
  420.5000   15.3500
  421.0000   15.9000
  421.5000   16.4900
  422.0000   15.9200
  422.5000   15.4000
  423.0000   14.8100
  423.5000   14.3700
  424.0000   14.2100
  424.5000   14.2200
  425.0000   14.2300
  425.5000   14.2500
  426.0000   14.2700
  426.5000   14.3800
  427.0000   14.8600
  427.5000   15.3500
  428.0000   15.6700
  428.5000   15.8600
  429.0000   15.9000
  429.5000   15.7000
  430.0000   15.1700
  430.5000   15.3100
  431.0000   15.6200
  431.5000   15.5900
  432.0000   15.1400
  432.5000   14.8000
  433.0000   14.3500
  433.5000   14.2100
  434.0000   14.4300
  434.5000   14.6400
  435.0000   14.7400
  435.5000   14.6400
  436.0000   14.3600
  436.5000   14.3200
  437.0000   14.5800
  437.5000   15.0100
  438.0000   15.3000
  438.5000   15.5500
  439.0000   16.3400
  439.5000   16.9100
  440.0000   16.5800
  440.5000   15.8900
  441.0000   15.1000
  441.5000   14.6500
  442.0000   14.2600
  442.5000   13.9900
  443.0000   13.8200
  443.5000   13.8500
  444.0000   14.1500
  444.5000   14.6100
  445.0000   15.1000
  445.5000   15.7600
  446.0000   16.0100
  446.5000   15.8800
  447.0000   15.1000
  447.5000   14.3900
  448.0000   14.4000
  448.5000   14.6400
  449.0000   15.0200
  449.5000   15.2600
  450.0000   15.5200
  450.5000   16.0300
  451.0000   16.4000
  451.5000   16.1400
  452.0000   15.1400
  452.5000   14.8500
  453.0000   14.6400
  453.5000   14.4000
  454.0000   14.2400
  454.5000   14.1000
  455.0000   13.9600
  455.5000   14.1800
  456.0000   14.6400
  456.5000   14.6100
  457.0000   14.4300
  457.5000   14.7400
  458.0000   15.5200
  458.5000   16.1400
  459.0000   16.1600
  459.5000   16.3800
  460.0000   16.5000
  460.5000   15.8400
  461.0000   15.2800
  461.5000   14.6800
  462.0000   14.1300
  462.5000   14.1100
  463.0000   14.4100
  463.5000   14.7800
  464.0000   14.5600
  464.5000   14.5100
  465.0000   14.8600
  465.5000   14.9800
  466.0000   15.0500
  466.5000   15.1800
  467.0000   15.1500
  467.5000   15.0600
  468.0000   15.0700
  468.5000   15.0600
  469.0000   15.2000
  469.5000   15.4100
  470.0000   15.7300
  470.5000   15.7600
  471.0000   15.1800
  471.5000   14.5400
  472.0000   14.0800
  472.5000   14.1700
  473.0000   14.6200
  473.5000   15.3800
  474.0000   15.7800
  474.5000   15.7000
  475.0000   15.9800
  475.5000   15.4400
  476.0000   14.8100
  476.5000   14.4200
  477.0000   14.2400
  477.5000   14.3400
  478.0000   14.6900
  478.5000   14.7300
  479.0000   14.8500
  479.5000   14.9400
  480.0000   14.9900
  480.5000   14.8900
  481.0000   14.9100
  481.5000   15.1600
  482.0000   15.4600
  482.5000   15.8600
  483.0000   16.1400
  483.5000   15.9900
  484.0000   15.2500
  484.5000   14.6000
  485.0000   14.3100
  485.5000   14.3300
  486.0000   14.6300
  486.5000   14.8400
  487.0000   14.8400
  487.5000   14.9400
  488.0000   15.1500
  488.5000   15.2900
  489.0000   15.1900
  489.5000   14.9300
  490.0000   14.4600
  490.5000   14.1700
  491.0000   14.3900
  491.5000   14.7000
  492.0000   14.8600
  492.5000   15.2300
  493.0000   15.7400
  493.5000   16.0400
  494.0000   16.3500
  494.5000   16.4800
  495.0000   16.2000
  495.5000   15.9300
  496.0000   15.4000
  496.5000   14.4600
  497.0000   13.6800
  497.5000   13.4100
  498.0000   13.3900
  498.5000   13.6900
  499.0000   14.3700
  499.5000   14.7900
  500.0000   14.9500
  500.5000   14.9200
  501.0000   15.2700
  501.5000   15.9900
  502.0000   16.3800
  502.5000   16.3800
  503.0000   16.2100
  503.5000   15.8500
  504.0000   15.4500
  504.5000   15.3200
  505.0000   15.2400
  505.5000   14.8600
  506.0000   14.4400
  506.5000   14.3000
  507.0000   14.3600
  507.5000   14.3900
  508.0000   14.1600
  508.5000   13.9800
  509.0000   13.9400
  509.5000   14.2000
  510.0000   14.5000
  510.5000   15.0800
  511.0000   15.8100
  511.5000   16.2100
  512.0000   16.4500
  512.5000   16.2500
  513.0000   15.6600
  513.5000   15.3100
  514.0000   14.9400
  514.5000   14.4900
  515.0000   14.0900
  515.5000   13.7700
  516.0000   13.7600
  516.5000   14.2800
  517.0000   14.9400
  517.5000   15.6800
  518.0000   16.1700
  518.5000   16.3400
  519.0000   15.9700
  519.5000   14.8600
  520.0000   14.2100
  520.5000   13.8100
  521.0000   13.9900
  521.5000   14.3600
  522.0000   14.7000
  522.5000   15.1300
  523.0000   15.6100
  523.5000   15.5000
  524.0000   15.2400
  524.5000   15.1500
  525.0000   15.5200
  525.5000   15.6200
  526.0000   15.2900
  526.5000   14.9600
  527.0000   14.9700
  527.5000   15.0300
  528.0000   15.2200
  528.5000   15.1400
  529.0000   14.8400
  529.5000   14.5700
  530.0000   14.3500
  530.5000   14.2400
  531.0000   14.3900
  531.5000   14.6400
  532.0000   14.8400
  532.5000   15.0000
  533.0000   15.3800
  533.5000   15.4700
  534.0000   15.3600
  534.5000   15.2600
  535.0000   15.5300
  535.5000   15.6600
  536.0000   15.4800
  536.5000   15.2200
  537.0000   15.3500
  537.5000   15.5500
  538.0000   14.8400
  538.5000   14.3100
  539.0000   13.9900
  539.5000   14.0700
  540.0000   14.4600
  540.5000   14.9400
  541.0000   15.2300
  541.5000   15.4400
  542.0000   15.1800
  542.5000   14.9300
  543.0000   14.7700
  543.5000   14.7100
  544.0000   14.9100
  544.5000   15.2600
  545.0000   15.4300
  545.5000   15.5000
  546.0000   15.3200
  546.5000   15.4700
  547.0000   15.8900
  547.5000   15.6800
  548.0000   15.1100
  548.5000   14.6300
  549.0000   14.3900
  549.5000   14.5100
  550.0000   14.8400
  550.5000   15.0000
  551.0000   14.6900
  551.5000   14.3500
  552.0000   14.3700
  552.5000   14.8900
  553.0000   15.5600
  553.5000   15.7700
  554.0000   15.5800
  554.5000   15.5300
  555.0000   15.2800
  555.5000   14.7200
  556.0000   14.6300
  556.5000   15.0300
  557.0000   15.5400
  557.5000   15.9500
  558.0000   15.8800
  558.5000   15.4800
  559.0000   15.1200
  559.5000   14.6800
  560.0000   14.3700
  560.5000   14.1700
  561.0000   14.1100
  561.5000   13.9900
  562.0000   13.9900
  562.5000   14.3700
  563.0000   15.1500
  563.5000   15.6400
  564.0000   15.8500
  564.5000   15.8200
  565.0000   15.4700
  565.5000   15.3300
  566.0000   15.3500
  566.5000   15.3300
  567.0000   15.6400
  567.5000   15.5600
  568.0000   14.9500
  568.5000   14.8000
  569.0000   14.7000
  569.5000   14.5400
  570.0000   14.5100
  570.5000   14.8600
  571.0000   15.0000
  571.5000   14.8500
  572.0000   14.7500
  572.5000   14.7900
  573.0000   14.8200
  573.5000   14.7500
  574.0000   14.8400
  574.5000   15.1700
  575.0000   15.2700
  575.5000   15.1800
  576.0000   15.3100
  576.5000   15.3100
  577.0000   15.2400
  577.5000   15.4000
  578.0000   15.3800
  578.5000   15.2300
  579.0000   15.0000
  579.5000   14.5200
  580.0000   14.1600
  580.5000   14.4900
  581.0000   14.8100
  581.5000   15.0800
  582.0000   15.4100
  582.5000   15.6100
  583.0000   15.6200
  583.5000   15.5500
  584.0000   15.1800
  584.5000   14.8200
  585.0000   14.6300
  585.5000   14.7100
  586.0000   14.8400
  586.5000   14.7600
  587.0000   14.6500
  587.5000   14.5800
  588.0000   14.6800
  588.5000   14.6900
  589.0000   15.1900
  589.5000   15.3800
  590.0000   15.8100
  590.5000   16.5500
  591.0000   16.4700
  591.5000   15.6200
  592.0000   14.9400
  592.5000   14.1900
  593.0000   14.0300
  593.5000   14.4200
  594.0000   14.8300
  594.5000   14.9700
  595.0000   14.9300
  595.5000   15.0200
  596.0000   14.8600
  596.5000   14.8400
  597.0000   14.9900
  597.5000   15.0700
  598.0000   14.8000
  598.5000   14.8700
  599.0000   15.4400
  599.5000   15.8800
  600.0000   16.0100
  600.5000   15.5800
  601.0000   14.8300
  601.5000   14.7100
  602.0000   15.1000
  602.5000   14.9400
  603.0000   14.7700
  603.5000   14.8800
  604.0000   15.0700
  604.5000   15.5400
  605.0000   15.8500
  605.5000   15.4300
  606.0000   14.7300
  606.5000   14.3600
  607.0000   14.0200
  607.5000   13.8900
  608.0000   14.1900
  608.5000   14.4800
  609.0000   14.7600
  609.5000   15.2200
  610.0000   15.8300
  610.5000   16.1800
  611.0000   16.2300
  611.5000   16.0600
  612.0000   15.6400
  612.5000   15.2600
  613.0000   15.3800
  613.5000   15.6700
  614.0000   15.3600
  614.5000   14.5400
  615.0000   13.9400
  615.5000   13.7800
  616.0000   13.7100
  616.5000   13.8600
  617.0000   14.1900
  617.5000   14.6700
  618.0000   15.1900
  618.5000   15.5400
  619.0000   15.9100
  619.5000   16.3200
  620.0000   16.2200
  620.5000   16.1900
  621.0000   15.7200
  621.5000   14.9900
  622.0000   14.4100
  622.5000   14.1900
  623.0000   14.3300
  623.5000   14.5100
  624.0000   14.7500
  624.5000   15.2500
  625.0000   15.4400
  625.5000   15.3800
  626.0000   15.2800
  626.5000   14.8700
  627.0000   14.6600
  627.5000   14.5600
  628.0000   14.4100
  628.5000   14.6800
  629.0000   15.3800
  629.5000   15.7700
  630.0000   15.5800
  630.5000   15.1500
  631.0000   14.9500
  631.5000   15.1700
  632.0000   15.5400
  632.5000   15.4400
  633.0000   15.5700
  633.5000   15.5100
  634.0000   15.0100
  634.5000   14.7400
  635.0000   14.7900
  635.5000   14.5800
  636.0000   14.0700
  636.5000   13.8800
  637.0000   14.1900
  637.5000   14.8400
  638.0000   15.5900
  638.5000   15.8700
  639.0000   15.5800
  639.5000   15.5700
  640.0000   15.5500
  640.5000   15.5900
  641.0000   15.4700
  641.5000   15.2100
  642.0000   14.7700
  642.5000   14.6000
  643.0000   14.7200
  643.5000   14.6100
  644.0000   14.5700
  644.5000   14.7700
  645.0000   15.1200
  645.5000   15.5900
  646.0000   15.8300
  646.5000   15.2300
  647.0000   14.6000
  647.5000   14.0700
  648.0000   13.8900
  648.5000   14.0200
  649.0000   14.6000
  649.5000   15.4900
  650.0000   15.9200
  650.5000   15.9600
  651.0000   16.1700
  651.5000   16.2900
  652.0000   15.8900
  652.5000   15.1400
  653.0000   14.8700
  653.5000   14.3800
  654.0000   14.2700
  654.5000   14.3500
  655.0000   14.4600
  655.5000   14.6900
  656.0000   14.7600
  656.5000   14.5400
  657.0000   14.6900
  657.5000   15.2500
  658.0000   15.6100
  658.5000   15.5900
  659.0000   15.3600
  659.5000   14.8300
  660.0000   14.6500
  660.5000   14.7600
  661.0000   15.0500
  661.5000   15.5800
  662.0000   15.8600
  662.5000   15.7900
  663.0000   15.1600
  663.5000   14.7400
  664.0000   14.6800
  664.5000   15.0000
  665.0000   15.3200
  665.5000   15.2800
  666.0000   14.9800
  666.5000   14.7500
  667.0000   14.4300
  667.5000   14.2100
  668.0000   14.1500
  668.5000   14.2500
  669.0000   14.9800
  669.5000   15.3000
  670.0000   15.2300
  670.5000   15.2200
  671.0000   15.5900
  671.5000   15.8300
  672.0000   15.6200
  672.5000   15.2200
  673.0000   15.1500
  673.5000   15.1800
  674.0000   15.1600
  674.5000   14.8600
  675.0000   14.3200
  675.5000   14.0300
  676.0000   14.0800
  676.5000   14.5600
  677.0000   15.0100
  677.5000   15.5000
  678.0000   15.6600
  678.5000   15.7200
  679.0000   15.4400
  679.5000   15.0700
  680.0000   14.6900
  680.5000   14.5900
  681.0000   14.8400
  681.5000   14.9100
  682.0000   14.9900
  682.5000   14.9100
  683.0000   14.7300
  683.5000   14.7900
  684.0000   14.9700
  684.5000   15.1700
  685.0000   15.3400
  685.5000   15.4900
  686.0000   15.4400
  686.5000   15.4700
  687.0000   15.3700
  687.5000   14.9900
  688.0000   15.0500
  688.5000   15.2400
  689.0000   15.6200
  689.5000   15.4300
  690.0000   14.6100
  690.5000   13.9800
  691.0000   13.7500
  691.5000   13.9900
  692.0000   14.3500
  692.5000   14.9800
  693.0000   15.8600
  693.5000   15.7200
  694.0000   15.3800
  694.5000   15.2000
  695.0000   14.9300
  695.5000   15.1300
  696.0000   16.0000
  696.5000   16.3900
  697.0000   15.9900
  697.5000   15.1300
  698.0000   14.4900
  698.5000   14.1800
  699.0000   14.1200
  699.5000   14.3300
  700.0000   14.7000
  700.5000   14.7100
  701.0000   14.5100
  701.5000   14.5900
  702.0000   14.9900
  702.5000   15.3900
  703.0000   15.8300
  703.5000   16.3700
  704.0000   16.1800
  704.5000   15.5000
  705.0000   15.0700
  705.5000   14.7600
  706.0000   14.4400
  706.5000   14.1700
  707.0000   14.3000
  707.5000   14.7100
  708.0000   14.9200
  708.5000   14.9700
  709.0000   14.9800
  709.5000   15.1900
  710.0000   15.6100
  710.5000   15.7700
  711.0000   15.5700
  711.5000   15.4200
  712.0000   15.3700
  712.5000   14.9100
  713.0000   14.9000
  713.5000   14.9600
  714.0000   14.9100
  714.5000   14.6000
  715.0000   14.3500
  715.5000   14.6200
  716.0000   15.1200
  716.5000   15.4100
  717.0000   15.3900
  717.5000   15.0900
  718.0000   14.8400
  718.5000   15.1700
  719.0000   15.8100
  719.5000   15.6100
  720.0000   15.3500
  720.5000   14.9000
  721.0000   14.1800
  721.5000   13.9400
  722.0000   14.1700
  722.5000   14.9200
  723.0000   15.7300
  723.5000   15.9800
  724.0000   16.1900
  724.5000   16.2200
  725.0000   15.6800
  725.5000   14.9300
  726.0000   14.1200
  726.5000   13.6700
  727.0000   13.8200
  727.5000   14.6200
  728.0000   15.3600
  728.5000   15.4600
  729.0000   15.3600
  729.5000   15.2500
  730.0000   15.4800
  730.5000   15.3300
  731.0000   15.0500
  731.5000   15.0200
  732.0000   15.0600
  732.5000   14.5800
  733.0000   13.9900
  733.5000   14.0800
  734.0000   14.9000
  734.5000   14.9000
  735.0000   14.9000
  735.5000   16.5900
  736.0000   16.0900
  736.5000   15.6400
  737.0000   14.9300
  737.5000   14.3700
  738.0000   14.0500
  738.5000   13.7700
  739.0000   13.5500
  739.5000   13.5000
  740.0000   13.7800
  740.5000   14.2000
  741.0000   14.7400
  741.5000   15.4300
  742.0000   16.1500
  742.5000   16.4000
  743.0000   16.2600
  743.5000   16.2900
  744.0000   16.2100
  744.5000   15.8900
  745.0000   15.8900
  745.5000   15.7400
  746.0000   14.8900
  746.5000   14.0700
  747.0000   13.6900
  747.5000   13.6600
  748.0000   13.7400
  748.5000   13.7500
  749.0000   13.9000
  749.5000   14.4500
  750.0000   14.9100
  750.5000   15.4000
  751.0000   15.8700
  751.5000   16.0400
  752.0000   15.9000
  752.5000   15.4900
  753.0000   15.1100
  753.5000   14.9100
  754.0000   15.1200
  754.5000   15.6900
  755.0000   15.9300
  755.5000   15.8700
  756.0000   15.7800
  756.5000   15.2900
  757.0000   14.6200
  757.5000   13.9500
  758.0000   13.6400
  758.5000   13.8400
  759.0000   14.2800
  759.5000   14.7400
  760.0000   14.9600
  760.5000   14.7600
  761.0000   14.5300
  761.5000   14.5900
  762.0000   14.9300
  762.5000   15.5700
  763.0000   16.1600
  763.5000   16.4300
  764.0000   15.9000
  764.5000   15.5200
  765.0000   15.5900
  765.5000   15.6400
  766.0000   15.4900
  766.5000   15.0300
  767.0000   14.3600
  767.5000   13.5600
  768.0000   13.1300
  768.5000   12.9200
  769.0000   13.4200
  769.5000   14.3700
  770.0000   15.0900
  770.5000   15.5300
  771.0000   16.1400
  771.5000   16.6600
  772.0000   16.1700
  772.5000   15.9700
  773.0000   15.5900
  773.5000   15.1900
  774.0000   14.8400
  774.5000   14.8000
  775.0000   14.7300
  775.5000   14.5900
  776.0000   14.3500
  776.5000   14.3100
  777.0000   14.4700
  777.5000   14.6900
  778.0000   14.9600
  778.5000   15.3100
  779.0000   15.3100
  779.5000   15.1000
  780.0000   15.1000
  780.5000   14.9900
  781.0000   14.8400
  781.5000   14.7700
  782.0000   15.0700
  782.5000   15.2800
  783.0000   15.2900
  783.5000   15.4000
  784.0000   15.7100
  784.5000   15.8000
  785.0000   15.7800
  785.5000   15.6700
  786.0000   15.1200
  786.5000   14.4500
  787.0000   13.8600
  787.5000   14.0200
  788.0000   14.2200
  788.5000   14.2800
  789.0000   14.3100
  789.5000   14.6600
  790.0000   15.4400
  790.5000   15.9400
  791.0000   15.7800
  791.5000   15.7300
  792.0000   15.8300
  792.5000   15.7400
  793.0000   15.2700
  793.5000   14.8400
  794.0000   14.6500
  794.5000   14.5500
  795.0000   14.5800
  795.5000   14.6300
  796.0000   14.8900
  796.5000   15.2000
  797.0000   15.2700
  797.5000   14.5600
  798.0000   13.7400
  798.5000   13.8300
  799.0000   14.3200
  799.5000   15.4400
  800.0000   16.8300
  800.5000   17.2400
  801.0000   16.6500
  801.5000   15.9600
  802.0000   15.1700
  802.5000   14.6000
  803.0000   14.4300
  803.5000   14.2200
  804.0000   14.0600
  804.5000   14.0900
  805.0000   14.1800
  805.5000   14.1600
  806.0000   14.2700
  806.5000   14.8100
  807.0000   15.3200
  807.5000   15.4700
  808.0000   15.4600
  808.5000   15.6800
  809.0000   16.1400
  809.5000   16.3500
  810.0000   15.9500
  810.5000   15.5300
  811.0000   15.2900
  811.5000   15.0300
  812.0000   14.6900
  812.5000   14.3300
  813.0000   14.1800
  813.5000   14.6500
  814.0000   14.9900
  814.5000   14.6500
  815.0000   14.4800
  815.5000   14.3200
  816.0000   14.4300
  816.5000   14.7700
  817.0000   14.9900
  817.5000   15.3000
  818.0000   15.5000
  818.5000   15.2900
  819.0000   15.0900
  819.5000   14.9000
  820.0000   15.1400
  820.5000   15.8300
  821.0000   16.1100
  821.5000   16.0300
  822.0000   15.8500
  822.5000   15.5900
  823.0000   15.1100
  823.5000   14.6800
  824.0000   14.3200
  824.5000   13.7700
  825.0000   13.2200
  825.5000   13.1200
  826.0000   13.4700
  826.5000   14.2000
  827.0000   14.9100
  827.5000   15.6800
  828.0000   16.2400
  828.5000   16.5400
  829.0000   16.3900
  829.5000   15.7400
  830.0000   15.4500
  830.5000   15.3900
  831.0000   15.2900
  831.5000   15.2700
  832.0000   15.0200
  832.5000   14.7100
  833.0000   14.3900
  833.5000   13.9800
  834.0000   13.7400
  834.5000   13.6500
  835.0000   13.9500
  835.5000   14.5300
  836.0000   15.2600
  836.5000   15.6100
  837.0000   15.8500
  837.5000   16.0400
  838.0000   15.8900
  838.5000   15.6700
  839.0000   15.2000
  839.5000   14.7700
  840.0000   14.6100
  840.5000   14.6900
  841.0000   14.8400
  841.5000   14.8400
  842.0000   14.8400
  842.5000   15.0100
  843.0000   15.3100
  843.5000   15.1800
  844.0000   14.6600
  844.5000   14.4200
  845.0000   14.5800
  845.5000   15.0400
  846.0000   15.5000
  846.5000   15.8800
  847.0000   15.9400
  847.5000   15.6300
  848.0000   14.7900
  848.5000   14.5400
  849.0000   14.5400
  849.5000   14.5100
  850.0000   14.5600
  850.5000   14.7700
  851.0000   14.9700
  851.5000   15.1600
  852.0000   15.0800
  852.5000   14.9500
  853.0000   15.0600
  853.5000   15.3500
  854.0000   15.2900
  854.5000   15.0000
  855.0000   14.8700
  855.5000   15.0000
  856.0000   15.5900
  856.5000   15.7700
  857.0000   15.5500
  857.5000   15.2900
  858.0000   14.8500
  858.5000   14.5800
  859.0000   14.6500
  859.5000   14.6900
  860.0000   14.5800
  860.5000   14.5200
  861.0000   14.5600
  861.5000   14.8600
  862.0000   15.2900
  862.5000   15.7000
  863.0000   15.9500
  863.5000   15.5600
  864.0000   15.1900
  864.5000   15.0200
  865.0000   15.0000
  865.5000   14.8300
  866.0000   14.7200
  866.5000   14.9300
  867.0000   15.2200
  867.5000   15.2600
  868.0000   15.2200
  868.5000   15.1800
  869.0000   14.9800
  869.5000   14.7500
  870.0000   14.7200
  870.5000   14.8400
  871.0000   14.9100
  871.5000   15.2800
  872.0000   15.4700
  872.5000   15.3100
  873.0000   15.0000
  873.5000   14.8900
  874.0000   15.1000
  874.5000   15.5600
  875.0000   15.5300
  875.5000   14.9100
  876.0000   14.6000
  876.5000   14.5800
  877.0000   14.4800
  877.5000   14.5000
  878.0000   14.7800
  878.5000   15.2800
  879.0000   15.6400
  879.5000   16.0500
  880.0000   16.1200
  880.5000   15.7400
  881.0000   15.2000
  881.5000   14.3700
  882.0000   14.2400
  882.5000   14.5800
  883.0000   15.2900
  883.5000   15.0100
  884.0000   14.4100
  884.5000   13.9800
  885.0000   14.0900
  885.5000   14.6000
  886.0000   15.2500
  886.5000   16.0100
  887.0000   16.5800
  887.5000   16.5300
  888.0000   16.2400
  888.5000   15.6700
  889.0000   15.0400
  889.5000   14.5400
  890.0000   14.4800
  890.5000   14.5400
  891.0000   14.5300
  891.5000   14.3200
  892.0000   14.1700
  892.5000   14.2300
  893.0000   14.3800
  893.5000   14.7000
  894.0000   15.1200
  894.5000   15.4500
  895.0000   15.6000
  895.5000   15.7400
  896.0000   15.7300
  896.5000   15.5900
  897.0000   15.5200
  897.5000   15.4700
  898.0000   15.2100
  898.5000   15.0100
  899.0000   14.8400
  899.5000   14.7200
  900.0000   14.5900
  900.5000   14.3600
  901.0000   14.1100
  901.5000   14.3600
  902.0000   15.0500
  902.5000   15.1400
  903.0000   14.9900
  903.5000   15.0000
  904.0000   14.9500
  904.5000   14.9000
  905.0000   15.0900
  905.5000   15.1500
  906.0000   15.2900
  906.5000   15.5900
  907.0000   15.4200
  907.5000   15.5600
  908.0000   15.9000
  908.5000   15.6000
  909.0000   15.2900
  909.5000   14.8500
  910.0000   14.3300
  910.5000   14.2500
  911.0000   14.1100
  911.5000   13.9400
  912.0000   14.3400
  912.5000   14.8900
  913.0000   15.3700
  913.5000   15.5900
  914.0000   15.4000
  914.5000   15.1600
  915.0000   15.4100
  915.5000   15.4500
  916.0000   15.1400
  916.5000   14.7200
  917.0000   14.4900
  917.5000   14.6600
  918.0000   15.1400
  918.5000   15.3800
  919.0000   15.3600
  919.5000   15.3500
  920.0000   15.7300
  920.5000   15.6900
  921.0000   15.2200
  921.5000   14.5800
  922.0000   14.3500
  922.5000   14.5500
  923.0000   14.7600
  923.5000   14.8600
  924.0000   14.7000
  924.5000   14.6900
  925.0000   14.6800
  925.5000   14.6300
  926.0000   14.7300
  926.5000   14.9000
  927.0000   14.9000
  927.5000   14.9900
  928.0000   15.2300
  928.5000   15.4100
  929.0000   15.5400
  929.5000   16.0900
  930.0000   16.3700
  930.5000   16.1100
  931.0000   15.2500
  931.5000   14.7200
  932.0000   14.4600
  932.5000   14.1600
  933.0000   13.9000
  933.5000   13.9400
  934.0000   14.1300
  934.5000   14.2500
  935.0000   14.5900
  935.5000   14.8400
  936.0000   15.1800
  936.5000   15.5200
  937.0000   15.8900
  937.5000   16.1900
  938.0000   16.1100
  938.5000   16.3800
  939.0000   16.1100
  939.5000   15.2500
  940.0000   14.9500
  940.5000   14.5200
  941.0000   13.9000
  941.5000   13.4700
  942.0000   13.5400
  942.5000   14.0000
  943.0000   14.4200
  943.5000   14.8000
  944.0000   14.8500
  944.5000   15.2600
  945.0000   15.6600
  945.5000   15.9200
  946.0000   16.3700
  946.5000   16.3200
  947.0000   16.7900
  947.5000   16.1800
  948.0000   15.2700
  948.5000   14.7500
  949.0000   14.2000
  949.5000   13.6400
  950.0000   13.3400
  950.5000   13.3100
  951.0000   13.6900
  951.5000   14.0400
  952.0000   14.3100
  952.5000   14.8500
  953.0000   15.4900
  953.5000   15.9900
  954.0000   16.6800
  954.5000   16.6400
  955.0000   16.3500
  955.5000   15.6100
  956.0000   15.2400
  956.5000   15.0100
  957.0000   15.1200
  957.5000   14.9300
  958.0000   14.6900
  958.5000   14.8400
  959.0000   15.1200
  959.5000   15.0500
  960.0000   14.5400
  960.5000   14.0300
  961.0000   13.6900
  961.5000   13.6300
  962.0000   13.8900
  962.5000   14.1300
  963.0000   14.2700
  963.5000   15.1400
  964.0000   15.8900
  964.5000   16.3200
  965.0000   16.7300
  965.5000   17.3700
  966.0000   17.1400
  966.5000   16.6400
  967.0000   16.0700
  967.5000   15.3000
  968.0000   14.1100
  968.5000   13.7700
  969.0000   13.4900
  969.5000   13.5100
  970.0000   13.5800
  970.5000   13.5300
  971.0000   13.7200
  971.5000   14.2600
  972.0000   14.9600
  972.5000   15.3500
  973.0000   15.4900
  973.5000   15.6300
  974.0000   15.8800
  974.5000   16.1600
  975.0000   16.5900
  975.5000   16.5900
  976.0000   15.7700
  976.5000   15.3700
  977.0000   15.3600
  977.5000   15.4700
  978.0000   15.3500
  978.5000   14.9400
  979.0000   14.2000
  979.5000   13.4800
  980.0000   13.1600
  980.5000   13.0100
  981.0000   13.3600
  981.5000   14.1100
  982.0000   14.9000
  982.5000   15.2300
  983.0000   15.3800
  983.5000   15.6100
  984.0000   15.9700
  984.5000   16.6500
  985.0000   16.6900
  985.5000   16.1900
  986.0000   16.4500
  986.5000   16.1900
  987.0000   15.3100
  987.5000   14.3200
  988.0000   13.7500
  988.5000   13.8200
  989.0000   14.0400
  989.5000   14.1400
  990.0000   14.3400
  990.5000   14.2700
  991.0000   14.5700
  991.5000   14.7700
  992.0000   15.1700
  992.5000   15.7000
  993.0000   15.9600
  993.5000   15.8800
  994.0000   15.1000
  994.5000   14.9000
  995.0000   15.0800
  995.5000   15.5200
  996.0000   16.0900
  996.5000   16.4900
  997.0000   16.1300
  997.5000   15.5400
  998.0000   14.7200
  998.5000   13.9600
  999.0000   13.5600
  999.5000   13.4200
 1000.0000   13.6100
 1000.5000   13.9900
 1001.0000   14.4800
 1001.5000   14.9000
 1002.0000   15.3300
 1002.5000   15.6400
 1003.0000   15.7600
 1003.5000   16.1700
 1004.0000   16.7000
 1004.5000   16.5400
 1005.0000   16.1300
 1005.5000   15.5000
 1006.0000   14.8400
 1006.5000   14.3800
 1007.0000   13.7900
 1007.5000   13.5000
 1008.0000   13.5200
 1008.5000   13.5600
 1009.0000   13.8200
 1009.5000   14.4800
 1010.0000   15.1600
 1010.5000   15.6900
 1011.0000   16.0300
 1011.5000   16.1900
 1012.0000   16.2100
 1012.5000   16.1300
 1013.0000   15.6900
 1013.5000   15.5800
 1014.0000   15.1400
 1014.5000   14.8900
 1015.0000   14.9900
 1015.5000   15.1900
 1016.0000   14.7900
 1016.5000   14.1500
 1017.0000   13.9800
 1017.5000   13.7600
 1018.0000   13.4900
 1018.5000   13.5800
 1019.0000   13.9200
 1019.5000   14.5200
 1020.0000   15.5000
 1020.5000   16.2900
 1021.0000   17.0900
 1021.5000   17.2000
 1022.0000   16.7600
 1022.5000   16.5300
 1023.0000   15.7400
 1023.5000   15.0500
 1024.0000   14.6800
 1024.5000   14.3100
 1025.0000   13.7900
 1025.5000   13.1700
 1026.0000   12.8700
 1026.5000   12.9900
 1027.0000   13.5600
 1027.5000   14.7100
 1028.0000   15.9000
 1028.5000   16.5400
 1029.0000   16.3500
 1029.5000   16.0000
 1030.0000   15.9600
 1030.5000   15.8900
 1031.0000   15.8800
 1031.5000   15.5300
 1032.0000   14.9300
 1032.5000   14.5300
 1033.0000   14.3300
 1033.5000   14.2500
 1034.0000   14.3700
 1034.5000   14.4700
 1035.0000   14.5500
 1035.5000   14.6000
 1036.0000   14.9600
 1036.5000   15.1800
 1037.0000   15.2400
 1037.5000   15.4500
 1038.0000   15.6100
 1038.5000   15.5900
 1039.0000   15.1500
 1039.5000   14.5600
 1040.0000   14.4200
 1040.5000   14.6800
 1041.0000   15.1000
 1041.5000   15.4700
 1042.0000   15.6800
 1042.5000   15.6700
 1043.0000   15.6300
 1043.5000   15.3900
 1044.0000   15.3200
 1044.5000   14.7000
 1045.0000   13.9900
 1045.5000   13.6300
 1046.0000   13.7900
 1046.5000   14.2400
 1047.0000   15.0600
 1047.5000   15.5700
 1048.0000   15.5600
 1048.5000   15.5900
 1049.0000   15.6200
 1049.5000   15.6700
 1050.0000   15.6400
 1050.5000   15.4400
 1051.0000   15.2500
 1051.5000   14.8900
 1052.0000   14.6100
 1052.5000   14.6100
 1053.0000   14.8900
 1053.5000   15.1400
 1054.0000   15.0800
 1054.5000   14.9600
 1055.0000   14.8400
 1055.5000   14.6100
 1056.0000   14.1400
 1056.5000   14.2100
 1057.0000   14.7600
 1057.5000   15.2000
 1058.0000   15.4500
 1058.5000   15.6800
 1059.0000   15.6200
 1059.5000   15.6600
 1060.0000   15.9500
 1060.5000   15.8900
 1061.0000   15.2600
 1061.5000   14.8000
 1062.0000   14.2500
 1062.5000   14.2100
 1063.0000   14.5000
 1063.5000   15.0500
 1064.0000   15.3700
 1064.5000   15.1400
 1065.0000   14.9400
 1065.5000   14.8100
 1066.0000   14.8700
 1066.5000   14.7600
 1067.0000   14.3800
 1067.5000   14.2800
 1068.0000   14.6500
 1068.5000   15.3000
 1069.0000   16.5200
 1069.5000   16.5700
 1070.0000   15.7700
 1070.5000   15.4300
 1071.0000   15.3000
 1071.5000   14.9700
 1072.0000   14.6300
 1072.5000   14.4600
 1073.0000   14.3900
 1073.5000   14.2800
 1074.0000   14.1400
 1074.5000   14.0900
 1075.0000   14.2900
 1075.5000   14.7000
 1076.0000   15.2000
 1076.5000   15.4000
 1077.0000   15.4500
 1077.5000   15.5000
 1078.0000   15.4400
 1078.5000   15.3300
 1079.0000   15.3600
 1079.5000   15.8300
 1080.0000   16.7800
 1080.5000   16.2900
 1081.0000   15.2000
 1081.5000   14.3700
 1082.0000   14.0700
 1082.5000   13.9900
 1083.0000   13.8700
 1083.5000   13.9800
 1084.0000   14.1400
 1084.5000   14.3300
 1085.0000   14.4000
 1085.5000   14.5400
 1086.0000   14.7000
 1086.5000   15.2500
 1087.0000   15.7200
 1087.5000   15.8600
 1088.0000   15.9500
 1088.5000   16.1700
 1089.0000   16.5400
 1089.5000   16.1500
 1090.0000   15.6700
 1090.5000   15.1400
 1091.0000   14.6900
 1091.5000   14.2000
 1092.0000   13.7400
 1092.5000   13.4700
 1093.0000   13.4400
 1093.5000   13.3900
 1094.0000   13.4900
 1094.5000   13.8600
 1095.0000   14.4500
 1095.5000   15.4200
 1096.0000   16.0500
 1096.5000   16.5900
 1097.0000   16.9300
 1097.5000   17.3400
 1098.0000   16.9600
 1098.5000   16.9400
 1099.0000   16.0800
 1099.5000   14.4600
 1100.0000   13.6400
 1100.5000   13.2500
 1101.0000   13.0600
 1101.5000   13.1200
 1102.0000   13.3600
 1102.5000   13.6400
 1103.0000   14.2100
 1103.5000   14.9100
 1104.0000   15.4500
 1104.5000   15.6400
 1105.0000   15.4500
 1105.5000   15.5000
 1106.0000   15.7300
 1106.5000   16.0700
 1107.0000   16.7900
 1107.5000   16.7100
 1108.0000   15.8300
 1108.5000   15.2900
 1109.0000   14.7400
 1109.5000   14.2500
 1110.0000   13.9400
 1110.5000   13.5700
 1111.0000   13.4900
 1111.5000   13.7500
 1112.0000   14.1800
 1112.5000   14.7000
 1113.0000   15.0400
 1113.5000   15.2500
 1114.0000   15.3000
 1114.5000   15.2900
 1115.0000   15.5200
 1115.5000   15.5500
 1116.0000   15.8600
 1116.5000   16.0000
 1117.0000   16.0100
 1117.5000   15.8100
 1118.0000   15.4400
 1118.5000   15.2300
 1119.0000   14.7700
 1119.5000   14.3400
 1120.0000   14.1000
 1120.5000   13.8300
 1121.0000   13.5700
 1121.5000   13.7300
 1122.0000   14.2600
 1122.5000   14.9400
 1123.0000   15.3200
 1123.5000   15.7000
 1124.0000   15.9100
 1124.5000   16.1100
 1125.0000   16.2200
 1125.5000   15.7500
 1126.0000   15.1500
 1126.5000   14.5800
 1127.0000   14.4400
 1127.5000   14.3900
 1128.0000   14.5800
 1128.5000   14.6900
 1129.0000   14.8300
 1129.5000   15.0100
 1130.0000   15.1800
 1130.5000   15.2300
 1131.0000   15.4400
 1131.5000   15.5800
 1132.0000   15.5900
 1132.5000   15.2200
 1133.0000   14.8100
 1133.5000   14.5400
 1134.0000   14.2600
 1134.5000   14.1000
 1135.0000   14.2600
 1135.5000   14.7000
 1136.0000   15.4400
 1136.5000   16.1300
 1137.0000   16.3500
 1137.5000   16.1900
 1138.0000   15.7700
 1138.5000   15.2400
 1139.0000   14.8500
 1139.5000   14.6000
 1140.0000   14.6300
 1140.5000   14.7500
 1141.0000   14.7600
 1141.5000   14.7500
 1142.0000   14.5900
 1142.5000   14.3600
 1143.0000   14.5700
 1143.5000   14.9200
 1144.0000   15.2900
 1144.5000   15.6000
 1145.0000   15.6600
 1145.5000   15.5800
 1146.0000   15.3900
 1146.5000   15.1600
 1147.0000   15.2600
 1147.5000   15.4800
 1148.0000   15.5400
 1148.5000   15.2200
 1149.0000   14.5400
 1149.5000   14.2100
 1150.0000   14.1800
 1150.5000   14.4900
 1151.0000   15.0400
 1151.5000   15.4000
 1152.0000   15.5300
 1152.5000   15.8200
 1153.0000   15.8300
 1153.5000   15.5800
 1154.0000   15.1900
 1154.5000   14.7300
 1155.0000   14.0900
 1155.5000   13.8400
 1156.0000   14.1000
 1156.5000   14.4100
 1157.0000   14.8700
 1157.5000   15.4400
 1158.0000   15.9400
 1158.5000   15.5500
 1159.0000   15.4900
 1159.5000   15.4400
 1160.0000   15.2800
 1160.5000   14.9600
 1161.0000   15.0200
 1161.5000   15.4500
 1162.0000   15.6200
 1162.5000   15.6900
 1163.0000   15.3900
 1163.5000   14.4600
 1164.0000   13.7800
 1164.5000   13.6600
 1165.0000   14.0100
 1165.5000   14.6200
 1166.0000   14.7400
 1166.5000   15.0200
 1167.0000   15.5200
 1167.5000   15.8900
 1168.0000   16.0500
 1168.5000   15.9500
 1169.0000   15.2600
 1169.5000   14.9700
 1170.0000   15.1800
 1170.5000   15.3300
 1171.0000   14.9700
 1171.5000   14.4800
 1172.0000   14.1700
 1172.5000   14.4100
 1173.0000   14.9500
 1173.5000   15.5900
 1174.0000   15.8900
 1174.5000   15.8100
 1175.0000   15.5600
 1175.5000   15.0200
 1176.0000   14.6200
 1176.5000   14.4300
 1177.0000   14.5300
 1177.5000   14.6400
 1178.0000   14.6900
 1178.5000   14.7800
 1179.0000   14.8000
 1179.5000   14.6600
 1180.0000   15.1000
 1180.5000   15.6700
 1181.0000   16.0200
 1181.5000   15.8900
 1182.0000   15.5700
 1182.5000   15.5000
 1183.0000   15.5600
 1183.5000   15.4100
 1184.0000   15.0700
 1184.5000   14.7600
 1185.0000   14.2400
 1185.5000   13.9200
 1186.0000   13.9500
 1186.5000   14.2600
 1187.0000   14.6300
 1187.5000   15.0700
 1188.0000   15.3200
 1188.5000   15.2600
 1189.0000   15.0100
 1189.5000   15.3800
 1190.0000   15.6800
 1190.5000   15.8400
 1191.0000   15.7300
 1191.5000   15.4400
 1192.0000   14.8300
 1192.5000   14.4900
 1193.0000   14.2900
 1193.5000   14.5400
 1194.0000   15.2900
 1194.5000   15.4400
 1195.0000   15.2400
 1195.5000   15.1400
 1196.0000   14.9700
 1196.5000   14.6800
 1197.0000   14.5900
 1197.5000   14.6200
 1198.0000   14.7300
 1198.5000   14.9100
 1199.0000   15.0800
 1199.5000   15.3900
 1200.0000   15.4000
